39.9373
34.8152
37.4539
59.4110
19.6722
52.0880
24.1955
44.1931
23.7982
44.8235
21.0728
84.6688
20.7887
31.9118
98.2886
6.0272
61.5049
97.8603
74.1751
66.3329
20.5829
62.7596
58.9515
13.2190
89.4012
51.4036
50.8135
45.3340
35.8199
51.1590
41.8493
56.0394
35.1660
20.6199
36.7938
35.7941
86.8469
6.2044
61.5178
4.2963
5.8580
60.1585
29.1403
55.2636
52.3216
78.9945
98.6332
41.1729
93.0506
49.8108
75.6626
62.8705
73.8303
48.8071
11.1076
15.3834
39.4181
65.2499
62.1428
90.0814
80.5320
62.5250
88.8151
90.9558
58.0355
19.3829
61.7866
41.9596
61.4117
33.7018
14.5419
6.0655
54.2192
72.7463
96.2435
90.1569
60.4834
77.9441
18.7974
23.8120
19.4682
33.7911
1.2569
66.0168
86.3271
5.6671
24.1128
3.0149
48.0269
81.7530
17.0557
33.2514
54.9326
21.1784
91.0364
32.2402
74.4859
97.2511
7.4666
35.2522
64.8351
86.7736
33.8708
42.8490
23.9482
64.2237
58.3412
1.3133
43.0546
58.9782
37.7241
41.4436
46.0441
62.7279
35.4233
92.7920
64.7971
97.7329
2.8075
91.9835
17.9433
13.5628
88.0812
6.8152
5.0371
81.3280
3.1297
5.8010
14.7223
1.9735
60.7403
73.5073
89.7937
82.2272
26.3736
17.4625
33.0218
30.6845
99.4844
43.2736
11.2936
99.4073
50.2668
32.2624
59.5895
3.6956
71.6330
11.1914
99.1525
45.1288
74.1184
45.3251
95.9785
34.7708
6.0859
3.7895
1.5877
93.2138
1.4606
14.3020
67.4013
42.9582
18.2613
65.3226
17.5987
68.7800
76.4882
5.4711
95.6775
58.7924
5.3496
5.8141
65.0148
73.2912
8.3851
10.7141
89.9485
85.3358
86.9224
48.4232
82.8798
34.8980
87.5712
83.9490
88.0539
14.0871
20.8090
98.8793
5.6395
62.7088
38.4324
91.8094
51.7216
20.0264
17.2833
66.8861
60.0906
56.1398
93.9884
46.5778
48.6412
9.3194
10.5509
86.0720
46.3727
49.4830
51.2913
75.6479
61.7776
12.4643
68.1119
93.9054
32.5744
37.7719
30.8990
92.3930
84.7378
97.2210
9.9311
32.1820
36.5248
63.8696
45.4487
10.0666
78.9490
83.4674
7.2840
38.2766
31.9227
78.3613
16.2214
91.4466
79.6367
79.7639
26.6868
83.9621
78.4170
61.9731
48.8284
22.1661
64.3328
8.5661
49.5515
9.6569
9.2401
42.9215
11.9665
85.1600
54.9025
71.7210
68.4943
14.4285
32.4718
19.0218
72.0643
5.2832
28.8583
54.1505
52.5894
65.1172
56.6790
91.3675
65.0981
56.9908
51.6854
25.5458
25.6722
76.4425
69.0966
50.5660
37.9052
58.3187
96.8482
88.4479
12.5328
54.4568
73.2062
90.2807
56.3812
60.1592
87.0829
57.4596
54.4816
98.1548
82.6995
61.1154
2.0127
78.3673
39.1243
66.4256
94.8587
53.1699
66.7712
44.5595
88.8829
66.3049
98.7880
61.6434
16.9415
76.9922
71.6677
25.5751
26.3723
95.3072
68.6577
34.0392
30.1650
41.8918
81.8794
62.0008
70.2885
24.7372
67.1910
80.3325
58.6518
64.0455
30.8722
20.1045
79.0314
84.0268
12.6347
13.5513
4.0656
67.4660
95.5040
40.1813
56.1341
81.5723
11.0457
83.8279
10.9845
45.1162
95.1983
38.3352
15.4519
85.2097
70.8608
11.9206
4.8598
83.7184
88.9964
44.8814
23.1912
19.6424
23.5851
82.9869
41.4774
99.3966
16.9598
61.5492
42.5738
77.0065
75.8255
62.6951
32.9325
81.9613
42.1938
61.7266
78.2019
94.8665
23.2613
9.5662
95.4172
68.9045
61.9193
36.8679
44.4425
44.9993
64.9868
17.8636
95.1545
29.0485
49.6899
26.6311
66.9674
50.0248
32.1694
71.7215
11.0921
27.1651